
========================== final string

kFinal[0] = -6.000000

kFinal[1] = -5.000000

kFinal[2] = -2.000000

kFinal[3] = -6.000000

kFinal[4] = -4.000000

kFinal[5] = -4.000000

kFinal[6] = -6.000000

kFinal[7] = -4.000000

kFinal[8] = -4.000000

kFinal[9] = -6.000000

kFinal[10] = -4.000000

kFinal[11] = -4.000000

kFinal[12] = -4.000000

kFinal[13] = -4.000000

kFinal[14] = -6.000000

kFinal[15] = -6.000000

kFinal[16] = -2.000000

kFinal[17] = -1.000000

kFinal[18] = -1.000000

kFinal[19] = -1.000000

kFinal[20] = -2.000000

kFinal[21] = -2.000000

kFinal[22] = -1.000000

kFinal[23] = -1.000000

kFinal[24] = -1.000000

kFinal[25] = -1.000000

kFinal[26] = -1.000000

kFinal[27] = -2.000000

kFinal[28] = -2.000000

kFinal[29] = -1.000000

kFinal[30] = -1.000000

kFinal[31] = -1.000000

kFinal[32] = -1.000000

kFinal[33] = -1.000000

kFinal[34] = -2.000000

kFinal[35] = -5.000000

kFinal[36] = -2.000000

kFinal[37] = -5.000000

kFinal[38] = -2.000000

========================== final string

kFinal[0] = -4.000000

kFinal[1] = -4.000000

kFinal[2] = -4.000000

kFinal[3] = -6.000000

kFinal[4] = -6.000000

kFinal[5] = -2.000000

kFinal[6] = -1.000000

kFinal[7] = -1.000000

kFinal[8] = -1.000000

kFinal[9] = -2.000000
